T = [0.7, 0.2, 0.3
    0.2, 0.3, 0.3
    0.1, 0.5, 0.4];

x = [1;0;0];


a2 = T^2*x

a3 = T^3*x


